lastAccountName: PaJae
timestamps:
  login: 1524871092285
  logout: 1524871119499
ipAddress: 210.126.87.239
lastlocation:
  world: world
  x: 54.5
  y: 69.0
  z: 33.5
  yaw: 0.0
  pitch: 0.0
logoutlocation:
  world: world
  x: 78.84339320642515
  y: 76.0
  z: 24.619974293344647
  yaw: 205.87817
  pitch: 24.438782
